()||<BIN>9</BIN><黑屏1>0,10</黑屏1><BGM>BGM_Empty</BGM>:
()<Speaker></Speaker>||<narrator><BIN>9</BIN><黑屏2>:最新の報告です。問題の解答を入力し、ロックを解除してください。
()||<黑点1>:
()<Speaker></Speaker>||<true>3</true><黑点2><BIN>9</BIN>:問題——+なぜマギー・ポンジはいつも机の上に座っているのでしょうか？<r>A 高級品の机が盗まれないように<r>B 机の上でしか喋れないから<r>C 机の上に座った方が談判の成功率が高いから
()||<黑点1><分支>2</分支><SE1>AVG_PPT_Switch</SE1>:
()<Speaker>エルマ</Speaker>||<BIN>687</BIN><分支>2</分支><黑点2>:<color=#66CDAA>82, 101, 105, 110, 101, 116, 116, 101, 39, 115, 32, 116, 114, 117, 101, 32, 104, 101, 105,</color>+<color=#66CDAA>103, 104, 116, 32, 105, 115, 32, 97, 99, 116, 117, 97, 108, 108, 121, 32, 116,</color>+<color=#66CDAA>104, 101, 32, 115, 97, 109, 101, 32, 97, 115, 32, 109, 105, 110, 101, 46</color>
()<Speaker>エルマ</Speaker>||<分支>2</分支>:<color=#66CDAA>分からないって？　そりゃ分からないよ。</color>+<color=#66CDAA>全部ただの文字化けだから。</color>+<color=#66CDAA>正解しないと内容は見られないよ。</color>
()||<黑点1><分支>2</分支><SE1>AVG_PPT_Switch</SE1>:
()||<黑点1><分支>1</分支><SE1>AVG_PPT_Switch</SE1>:
()<Speaker>エルマ</Speaker>||<BIN>687</BIN><黑点2><分支>1</分支>:<color=#66CDAA>231, 142, 177, 229, 156, 139, 229, 134, 178, 229, 143, 145, 230, 157, 142, 230, 156, 137, 229, 165, 189, 239, 188, 140, 229, 149, 134, 230, 151, 165, 230, 148, 185, 229, 156, 139, 229, 156, 168,</color>+<color=#66CDAA>231, 165, 158, 229, 147, 129, 232, 181, 176, 232, 191, 153, 229, 144, 136, 229, 143, 163, 229, 176, 143, 228, 186, 134, 229, 143, 164, 229, 155, 189, 239, 188, 140, 230, 150, 151, 230, 156, 137, 231, 163, 141, 229, 155,</color>+<color=#66CDAA>189, 230, 177, 179, 227, 128, 130, 229, 143, 130, 229, 176, 143, 230, 178, 187, 229, 174, 158, 229, 174, 129, 229, 133, 177, 230, 155, 155, 229, 137, 141, 231, 137, 136, 230, 156, 137, 239, 188, 140</color>
()<Speaker>エルマ</Speaker>||<分支>1</分支>:<color=#66CDAA>分からないって？　そりゃ分からないよ。</color>+<color=#66CDAA>全部ただの文字化けだから。</color>+<color=#66CDAA>正解しないと内容は見られないよ。</color>
()||<黑点1><分支>1</分支><SE1>AVG_PPT_Switch</SE1>:
()||<黑点1><分支>3</分支><SE1>AVG_PPT_Switch</SE1>:
()<Speaker>エルマ</Speaker>||<BIN>687</BIN><分支>3</分支><黑点2><BGM>GF_2022_Summer_AVG_2</BGM>:<color=#66CDAA>AR-18ヘ。定期報告だよ。</color>+<color=#66CDAA>少し進展はあったけど、まだ指揮官を助けられそうな発見はないの。</color>+<color=#66CDAA>それとは別に、ニダリーっていうメイドがいるんだけど、//nどうやら昔あたしの世話をしていた者らしい……</color>+<color=#66CDAA>全然覚えてないけど。</color>
()<Speaker>エルマ</Speaker>||<分支>3</分支>:<color=#66CDAA>それと、お母さまの顔や、お母さまの昔の仕事内容の一部が分かった。</color>+<color=#66CDAA>フォックス・ソロリティと関係があって、本物の「マギー」と//n「キャサリン」も見た。列車にいたあの二人は偽物だったんだね。</color>+<color=#66CDAA>でも実際本物と比べてみたら、マギーもキャサリンも本物そっくり//nだった。立ち振る舞いとか、話し方とか。</color>+<color=#66CDAA>あのいかにも危険だけど、どこか信頼できそうな雰囲気は、多分//n他の人じゃ真似できない。</color>
()<Speaker>エルマ</Speaker>||<分支>3</分支>:<color=#66CDAA>とりあえず、引き続きフォックス・ソロリティの線を追ってみるよ。//nそれでお母さまの残したものが見つかるといいな……</color>+<color=#66CDAA>何かあったらまた連絡するね。</color>
()||<黑点1><SE1>AVG_PPT_Switch</SE1>: