()||<BIN>9</BIN><黑屏1>0,10</黑屏1><BGM>BGM_Empty</BGM>:
()<Speaker></Speaker>||<narrator><BIN>9</BIN><黑屏2>:最新的报告已经送达，请输入秘钥以解锁报告。
()||<黑点1>:
()<Speaker></Speaker>||<true>3</true><黑点2><BIN>9</BIN>:秘钥问题——+为什么玛姬•庞兹总坐在桌子上？<r>A桌子很贵，她怕被偷走<r>B她只有坐在桌子上才敢说话<r>C坐在桌子上的谈判成功率比较高
()||<黑点1><分支>2</分支><SE1>AVG_PPT_Switch</SE1>:
()<Speaker>艾尔玛</Speaker>||<BIN>687</BIN><分支>2</分支><黑点2>:<color=#66CDAA>82, 101, 105, 110, 101, 116, 116, 101, 39, 115, 32, 116, 114, 117, 101, 32, 104, 101, 105,</color>+<color=#66CDAA>103, 104, 116, 32, 105, 115, 32, 97, 99, 116, 117, 97, 108, 108, 121, 32, 116,</color>+<color=#66CDAA>104, 101, 32, 115, 97, 109, 101, 32, 97, 115, 32, 109, 105, 110, 101, 46</color>
()<Speaker>艾尔玛</Speaker>||<分支>2</分支>:<color=#66CDAA>怎么不说话？看不懂我在说什么？你当然看不懂啦。</color>+<color=#66CDAA>因为我发的全是乱码。</color>+<color=#66CDAA>回答对了才有报告看哦~</color>
()||<黑点1><分支>2</分支><SE1>AVG_PPT_Switch</SE1>:
()||<黑点1><分支>1</分支><SE1>AVG_PPT_Switch</SE1>:
()<Speaker>艾尔玛</Speaker>||<BIN>687</BIN><黑点2><分支>1</分支>:<color=#66CDAA>231, 142, 177, 229, 156, 139, 229, 134, 178, 229, 143, 145, 230, 157, 142, 230, 156, 137, 229, 165, 189, 239, 188, 140, 229, 149, 134, 230, 151, 165, 230, 148, 185, 229, 156, 139, 229, 156, 168,</color>+<color=#66CDAA>231, 165, 158, 229, 147, 129, 232, 181, 176, 232, 191, 153, 229, 144, 136, 229, 143, 163, 229, 176, 143, 228, 186, 134, 229, 143, 164, 229, 155, 189, 239, 188, 140, 230, 150, 151, 230, 156, 137, 231, 163, 141, 229, 155,</color>+<color=#66CDAA>189, 230, 177, 179, 227, 128, 130, 229, 143, 130, 229, 176, 143, 230, 178, 187, 229, 174, 158, 229, 174, 129, 229, 133, 177, 230, 155, 155, 229, 137, 141, 231, 137, 136, 230, 156, 137, 239, 188, 140</color>
()<Speaker>艾尔玛</Speaker>||<分支>1</分支>:<color=#66CDAA>怎么不说话？看不懂我在说什么？你当然看不懂啦。</color>+<color=#66CDAA>因为我发的全是乱码。</color>+<color=#66CDAA>回答对了才有报告看哦~</color>
()||<黑点1><分支>1</分支><SE1>AVG_PPT_Switch</SE1>:
()||<黑点1><分支>3</分支><SE1>AVG_PPT_Switch</SE1>:
()<Speaker>艾尔玛</Speaker>||<BIN>687</BIN><分支>3</分支><黑点2><BGM>GF_2022_Summer_AVG_2</BGM>:<color=#66CDAA>呼叫AR18，呼叫AR18，这里是定期汇报。</color>+<color=#66CDAA>目前调查仍在继续，有了一些进展，但还是没有发现能够拯救指挥官的关键道具。</color>+<color=#66CDAA>我见到了奈德丽，据说是之前照料我的女仆小姐，还帮我恢复过很多次记忆……</color>+<color=#66CDAA>但我一点也想不起来了。</color>
()<Speaker>艾尔玛</Speaker>||<分支>3</分支>:<color=#66CDAA>还有，我终于见到了妈妈的样子，还知道了妈妈之前的一部分工作内容。</color>+<color=#66CDAA>嗯，和福克斯姐妹会有关，我看见了正牌的“玛姬”和“凯瑟琳”，不是列车上那两个冒牌货。</color>+<color=#66CDAA>看见过真人后，我才知道，玛姬和凯瑟琳真是把她们主人的神韵、气质模仿得相当到位了！</color>+<color=#66CDAA>那种亦正亦邪、浑然天成的社会工程师气息，再也没有别人能有了。</color>
()<Speaker>艾尔玛</Speaker>||<分支>3</分支>:<color=#66CDAA>我现在正在追寻福克斯姐妹会的线索继续追查，希望520的判断是对的，最好我们能沿着这条路找到妈妈的遗产……</color>+<color=#66CDAA>有任何新的信息，我会再跟你联系。</color>
()||<黑点1><SE1>AVG_PPT_Switch</SE1>: