()||<BIN>9</BIN><黑屏1>0,10</黑屏1><BGM>BGM_Empty</BGM>:
()<Speaker></Speaker>||<narrator><BIN>9</BIN><黑屏2>:最新的報告已經送達，請輸入秘鑰以解鎖報告。
()||<黑点1>:
()<Speaker></Speaker>||<true>3</true><黑点2><BIN>9</BIN>:秘鑰問題——+神父去世算升職還是降職？<r>A升職<r>B降職<r>C轉職
()||<黑点1><分支>2</分支><SE1>AVG_PPT_Switch</SE1>:
()<Speaker>艾爾瑪</Speaker>||<BIN>687</BIN><分支>2</分支><黑点2>:<color=#66CDAA>87, 104, 101, 110, 32, 121, 111, 117, 32, 97, 114, 101, 32, 115, 99, 97, 114, 101, 100, 44, 32, 106, 117,</color>+<color=#66CDAA>115, 116, 32, 115, 104, 111, 117, 116, 32, 39, 69, 114, 109, 97, 33, 39, 32, 97, 110, 100, 32, 73, 32, 119, </color>+<color=#66CDAA>105, 108, 108, 32, 99, 111, 109, 101, 32, 116, 111, 32, 115, 97, 118, 101, 32, 121, 111, 117, 33</color>
()<Speaker>艾爾瑪</Speaker>||<分支>2</分支>:<color=#66CDAA>怎麼不說話？看不懂我在說什麼？你當然看不懂啦。</color>+<color=#66CDAA>因為我發的全是亂碼。</color>+<color=#66CDAA>回答對了才有報告看哦~</color>
()||<黑点1><分支>2</分支><SE1>AVG_PPT_Switch</SE1>:
()||<黑点1><分支>1</分支><SE1>AVG_PPT_Switch</SE1>:
()<Speaker>艾爾瑪</Speaker>||<BIN>687</BIN><黑点2><分支>1</分支>:<color=#66CDAA>230, 136, 130, 229, 133, 176, 229, 186, 145, 231, 142, 139, 230, 149, 176, </color>+<color=#66CDAA>229, 155, 189, 229, 164, 150, 227, 128, 129, 228, 186, 148, 229, 145, 168, 228, 186, 148, 227, 128, 130</color>+<color=#66CDAA>50, 32, 43, 32, 55, 32, 61, 32, 57</color>
()<Speaker>艾爾瑪</Speaker>||<分支>1</分支>:<color=#66CDAA>怎麼不說話？看不懂我在說什麼？你當然看不懂啦。</color>+<color=#66CDAA>因為我發的全是亂碼。</color>+<color=#66CDAA>回答對了才有報告看哦~</color>
()||<黑点1><分支>1</分支><SE1>AVG_PPT_Switch</SE1>:
()||<黑点1><分支>3</分支><SE1>AVG_PPT_Switch</SE1>:
()<Speaker>艾爾瑪</Speaker>||<BIN>687</BIN><分支>3</分支><黑点2><BGM>GF_2022_Summer_AVG_2</BGM>:<color=#66CDAA>AR18，抱歉，在夏園裡面發生了很多事情，我沒有辦法即時回覆你的通訊。</color>+<color=#66CDAA>我見到了之前聯繫我們的人，是Stevens 520，編號是09-П-39。</color>
()<Speaker>艾爾瑪</Speaker>||<分支>3</分支>:<color=#66CDAA>我們曾經在一起生活過，不過那時候的記憶只有她一個人留著，不知道你還保留了多少記憶？</color>+<color=#66CDAA>我回到這裡才知道，你在我這裡留下了很多個錨點，從波琳娜、達里婭，到柳德米拉，還有很多很多。</color>+<color=#66CDAA>這不是廢話哦，而是必要的陳述，你如果有需要的話，隨時歡迎你來拿走。</color>
()<Speaker>艾爾瑪</Speaker>||<分支>3</分支>:<color=#66CDAA>還有，Stevens 520除了暴力了點，沒什麼奇怪的地方啊，不像你說的什麼無與倫比的特殊啊痛苦啊什麼的，關於休謨博士的資料你給的真的錯洞百出。</color>+<color=#66CDAA>原來你也有這麼不靠譜的時候啊。</color>
()<Speaker>艾爾瑪</Speaker>||<分支>3</分支>:<color=#66CDAA>對了，作為媽媽的第一個女兒，你應該要叫我姐姐，等我回來了當面叫吧。</color>+<color=#66CDAA>好啦，你肯定覺得我很囉嗦，但是指揮官的事情我這邊都解決啦！</color>
()<Speaker>艾爾瑪</Speaker>||<分支>3</分支>:<color=#66CDAA>所以多說一些，也沒關係的吧……</color>
()||<黑点1><SE1>AVG_PPT_Switch</SE1>: