()||<BIN>9</BIN><黑屏1>0,10</黑屏1><BGM>BGM_Empty</BGM>:
()<Speaker></Speaker>||<narrator><BIN>9</BIN><黑屏2>:最新的報告已經送達，請輸入秘鑰以解鎖報告。
()||<黑点1>:
()<Speaker></Speaker>||<true>3</true><黑点2><BIN>9</BIN>:秘鑰問題——+為什麼瑪姬•龐茲總坐在桌子上？<r>A桌子很貴，她怕被偷走<r>B她只有坐在桌子上才敢說話<r>C坐在桌子上的談判成功率比較高
()||<黑点1><分支>2</分支><SE1>AVG_PPT_Switch</SE1>:
()<Speaker>艾爾瑪</Speaker>||<BIN>687</BIN><分支>2</分支><黑点2>:<color=#66CDAA>82, 101, 105, 110, 101, 116, 116, 101, 39, 115, 32, 116, 114, 117, 101, 32, 104, 101, 105,</color>+<color=#66CDAA>103, 104, 116, 32, 105, 115, 32, 97, 99, 116, 117, 97, 108, 108, 121, 32, 116,</color>+<color=#66CDAA>104, 101, 32, 115, 97, 109, 101, 32, 97, 115, 32, 109, 105, 110, 101, 46</color>
()<Speaker>艾爾瑪</Speaker>||<分支>2</分支>:<color=#66CDAA>怎麼不說話？看不懂我在說什麼？你當然看不懂啦。</color>+<color=#66CDAA>因為我發的全是亂碼。</color>+<color=#66CDAA>回答對了才有報告看哦~</color>
()||<黑点1><分支>2</分支><SE1>AVG_PPT_Switch</SE1>:
()||<黑点1><分支>1</分支><SE1>AVG_PPT_Switch</SE1>:
()<Speaker>艾爾瑪</Speaker>||<BIN>687</BIN><黑点2><分支>1</分支>:<color=#66CDAA>231, 142, 177, 229, 156, 139, 229, 134, 178, 229, 143, 145, 230, 157, 142, 230, 156, 137, 229, 165, 189, 239, 188, 140, 229, 149, 134, 230, 151, 165, 230, 148, 185, 229, 156, 139, 229, 156, 168,</color>+<color=#66CDAA>231, 165, 158, 229, 147, 129, 232, 181, 176, 232, 191, 153, 229, 144, 136, 229, 143, 163, 229, 176, 143, 228, 186, 134, 229, 143, 164, 229, 155, 189, 239, 188, 140, 230, 150, 151, 230, 156, 137, 231, 163, 141, 229, 155,</color>+<color=#66CDAA>189, 230, 177, 179, 227, 128, 130, 229, 143, 130, 229, 176, 143, 230, 178, 187, 229, 174, 158, 229, 174, 129, 229, 133, 177, 230, 155, 155, 229, 137, 141, 231, 137, 136, 230, 156, 137, 239, 188, 140</color>
()<Speaker>艾爾瑪</Speaker>||<分支>1</分支>:<color=#66CDAA>怎麼不說話？看不懂我在說什麼？你當然看不懂啦。</color>+<color=#66CDAA>因為我發的全是亂碼。</color>+<color=#66CDAA>回答對了才有報告看哦~</color>
()||<黑点1><分支>1</分支><SE1>AVG_PPT_Switch</SE1>:
()||<黑点1><分支>3</分支><SE1>AVG_PPT_Switch</SE1>:
()<Speaker>艾爾瑪</Speaker>||<BIN>687</BIN><分支>3</分支><黑点2><BGM>GF_2022_Summer_AVG_2</BGM>:<color=#66CDAA>呼叫AR18，呼叫AR18，這裡是定期匯報。</color>+<color=#66CDAA>目前調查仍在繼續，有了一些進展，但還是沒有發現能夠拯救指揮官的關鍵道具。</color>+<color=#66CDAA>我見到了奈德麗，據說是之前照料我的女僕小姐，還幫我恢復過很多次記憶……</color>+<color=#66CDAA>但我一點也想不起來了。</color>
()<Speaker>艾爾瑪</Speaker>||<分支>3</分支>:<color=#66CDAA>還有，我終於見到了媽媽的樣子，還知道了媽媽之前的一部分工作內容。</color>+<color=#66CDAA>嗯，和福克斯姐妹會有關，我看見了正牌的「瑪姬」和「凱瑟琳」，不是列車上那兩個冒牌貨。</color>+<color=#66CDAA>看見過真人後，我才知道，瑪姬和凱瑟琳真是把她們主人的神韻、氣質模仿得相當到位了！</color>+<color=#66CDAA>那種亦正亦邪、渾然天成的社會工程師氣息，再也沒有別人能有了。</color>
()<Speaker>艾爾瑪</Speaker>||<分支>3</分支>:<color=#66CDAA>我現在正在追尋福克斯姐妹會的線索繼續追查，希望520的判斷是對的，最好我們能沿著這條路找到媽媽的遺產……</color>+<color=#66CDAA>有任何新的資訊，我會再跟你聯繫。</color>
()||<黑点1><SE1>AVG_PPT_Switch</SE1>: